500
39 34 40 73
43 71 -56 -11
87 9 71 41
67 40 12 6
54 54 -22 73
69 65 -3 -44
36 102 38 80
9 25 -54 -39
11 60 -71 -57
12 42 -6 63
76 26 -3 -76
42 10 -25 -49
85 52 17 27
41 12 46 -98
36 29 -39 13
23 19 -55 30
45 16 -98 97
78 64 17 -17
38 44 -2 26
61 54 -38 -87
89 55 43 -7
58 70 39 -4
59 59 -14 99
98 7 -75 -9
29 22 -67 -56
42 94 7 -52
96 89 80 32
44 63 -90 -89
96 46 -37 16
5 97 -47 68
79 100 -20 11
62 39 8 -46
2 63 1 95
99 45 27 -85
11 82 96 35
53 22 87 60
64 25 35 -63
88 32 57 -17
100 65 -96 89
76 37 35 53
17 0 9 -98
99 95 71 97
63 74 35 -21
73 25 -76 -33
47 21 -31 10
28 12 6 11
28 16 -95 -66
15 58 -36 66
30 38 -17 -76
63 44 -7 -50
71 88 -58 38
30 39 41 -61
67 78 28 72
8 86 -92 -5
13 52 96 26
27 85 -95 -71
91 43 58 -7
82 34 85 90
66 16 -14 40
59 37 7 -20
40 43 1 -46
79 73 -41 75
71 51 79 96
9 84 83 64
100 46 -75 -40
100 22 54 -6
84 97 54 59
42 62 3 69
17 80 49 -85
58 0 -80 -49
17 74 -99 42
23 32 79 -10
83 34 88 -10
32 71 -74 69
50 51 -28 -4
66 89 77 -85
100 59 1 -54
91 0 -6 -2
78 98 39 44
39 87 83 12
33 54 55 49
51 5 73 -45
44 89 -74 31
81 11 -31 61
43 67 89 -57
99 24 -99 -13
99 12 26 -23
57 77 3 -35
8 46 72 -93
3 2 37 -39
43 98 -32 12
44 83 -80 -61
41 57 -91 -74
63 46 -47 39
85 30 -34 -3
8 50 -83 40
47 54 -84 66
27 59 -98 33
9 3 61 51
1 8 19 -32
71 39 -77 -2
74 68 21 -34
41 77 -25 62
43 58 -87 -24
27 31 -5 -70
42 88 -4 88
82 76 95 22
40 39 -41 30
56 43 80 10
76 45 43 -34
1 52 47 -97
42 4 -4 -12
21 90 72 32
64 60 -35 23
89 9 64 -92
94 83 -17 -31
17 29 96 13
33 26 -69 37
13 100 -50 24
32 78 -63 19
60 39 54 -73
84 43 17 7
10 80 12 18
47 91 -81 -36
33 37 -53 63
51 11 -14 -36
89 80 -33 -11
40 26 -32 70
8 37 33 93
44 50 83 15
2 83 22 -38
30 6 33 3
68 10 98 21
9 11 -30 57
69 27 -83 -76
94 46 36 -17
20 14 9 -29
47 41 68 80
34 78 -60 55
23 100 -74 35
6 80 33 -66
90 41 -96 -73
52 85 -27 53
23 73 65 -1
23 17 -45 -89
99 56 -9 29
10 67 -67 26
54 63 -30 21
54 52 91 56
70 20 -55 -26
43 76 34 77
61 43 -31 -10
47 9 -77 21
34 34 22 -57
66 3 35 81
43 55 -49 36
25 63 64 -84
73 97 -97 -32
85 13 -34 -69
67 68 -66 9
99 54 -89 -57
35 64 44 -78
64 16 -73 44
24 19 51 10
47 96 38 -84
44 77 7 -55
88 14 -57 -28
45 37 38 -10
99 65 55 30
47 42 31 -3
50 70 87 -54
93 63 61 -47
16 84 -64 95
1 1 23 24
96 71 59 -51
79 96 -79 75
96 92 99 18
10 25 -92 67
70 16 20 -54
48 89 -91 -45
87 42 -90 90
52 22 77 -73
5 40 -2 20
76 93 -68 -32
51 56 -5 52
28 25 -91 83
15 95 -89 88
76 91 53 -75
81 49 -38 -91
10 51 -5 -67
44 62 -88 22
68 86 -24 -85
91 3 29 -9
60 57 84 -37
5 91 -96 35
44 42 52 -83
83 7 39 -76
64 24 -18 -12
42 67 -74 45
70 60 -45 23
49 97 -7 -49
10 95 -92 28
92 42 22 10
25 86 -69 64
18 12 37 -79
87 3 -30 -52
24 80 83 -41
2 63 12 72
19 72 -71 29
77 71 -27 82
63 31 -48 27
77 33 70 87
31 59 -18 36
34 4 27 57
60 54 21 13
38 72 55 -61
86 48 -49 71
71 76 -63 -41
36 36 66 46
84 5 -55 -45
92 14 -95 45
53 20 28 24
81 83 -23 8
72 32 18 50
70 51 -3 -87
37 49 92 -33
19 51 96 86
4 44 -30 -85
93 86 -44 -78
38 98 79 44
65 17 35 -89
63 23 -3 -46
86 68 -48 -44
21 82 -50 -2
18 72 41 -71
31 89 65 55
54 100 -7 -55
6 54 -46 42
8 79 68 -38
47 72 -35 22
50 65 -28 59
43 6 10 -89
52 55 -38 -99
73 83 22 -58
12 40 64 4
54 92 -87 -91
47 2 -4 -26
41 12 93 57
65 11 56 77
53 10 84 74
73 16 -10 -29
68 31 -24 47
93 61 -86 39
6 63 -47 96
35 81 -90 -88
46 51 62 10
33 97 -64 78
73 33 -90 -53
29 64 78 55
78 57 -32 -96
8 62 99 -43
12 48 37 -50
31 98 -11 -59
68 20 80 -9
49 23 80 11
51 4 -87 68
38 77 35 78
31 12 8 88
60 25 -45 -63
72 36 -97 -60
40 27 83 -86
94 81 64 2
42 6 -77 48
49 84 -18 -36
64 83 -97 -8
79 101 -9 -40
18 21 -91 -70
97 52 -39 47
73 101 69 -91
75 20 39 34
23 71 -25 -38
56 0 -71 82
13 95 40 -18
49 12 -70 -19
96 68 99 9
94 4 64 11
86 42 -58 -90
34 8 55 71
7 22 -54 -86
56 101 -4 -78
3 79 -72 -71
96 37 64 93
60 31 -94 -23
63 91 28 -55
95 83 47 91
86 35 -60 -44
15 41 92 13
65 28 -25 -93
42 100 20 -68
59 45 -97 59
68 28 -38 40
93 56 36 16
53 9 33 -48
99 21 36 93
87 80 -65 25
49 11 97 90
82 48 -79 43
83 2 -69 88
60 54 -6 61
34 66 -42 -35
57 20 -98 -36
44 67 -80 -44
40 62 -18 99
7 3 -5 21
6 52 -34 6
84 23 36 -5
3 74 -47 -21
63 99 63 -62
30 15 -18 -19
68 25 -88 12
73 47 63 -30
70 26 -83 -36
52 85 14 75
24 11 -15 44
96 47 -27 46
65 49 67 -4
17 48 -5 -40
1 35 26 -63
22 35 -43 -53
12 14 -99 1
58 87 56 15
38 75 -2 -31
24 97 4 96
46 57 38 -94
7 43 96 19
30 1 10 -68
19 46 9 -17
9 49 55 -4
6 9 -76 35
38 22 72 -86
87 48 19 13
24 1 80 -75
73 23 14 17
21 74 79 -31
40 96 -39 91
95 102 31 -64
84 98 88 68
93 4 -41 -93
15 99 53 99
19 95 2 5
15 60 56 21
48 24 90 69
67 61 -47 -80
59 90 -80 -32
68 67 83 -26
44 89 69 -98
63 61 -10 -14
100 32 7 1
54 12 7 4
42 0 76 84
44 81 -98 -71
58 57 -19 -38
11 3 -8 -64
27 27 96 90
86 22 29 27
20 50 79 -90
11 62 -92 26
38 33 38 -3
94 21 29 -26
3 24 -33 -14
65 63 39 96
61 90 31 -18
28 63 18 -7
19 19 -29 34
47 43 -59 96
79 50 59 -83
74 33 -64 -19
35 20 -51 -64
0 6 34 58
67 20 36 62
52 47 80 -56
68 102 -31 84
50 77 55 -75
6 92 -54 -32
76 21 -34 57
98 2 96 68
7 22 75 -20
96 101 -76 85
67 76 -84 -24
95 42 -63 -17
42 75 -42 97
41 30 -62 -12
87 9 -89 49
93 6 47 48
86 20 -80 -79
78 93 -27 78
51 88 -28 -58
59 66 -87 -41
90 20 -93 97
94 73 -58 -41
5 39 -21 -61
6 102 -40 -99
66 62 -80 -87
64 40 83 69
42 37 3 -7
85 63 -86 -74
8 71 47 -91
20 11 72 -79
46 33 -28 70
79 43 -37 83
20 83 37 -18
43 24 69 27
13 46 96 3
94 10 78 -36
25 100 74 46
43 95 -31 -57
84 71 91 -54
11 82 63 -29
18 54 41 73
46 72 69 -74
90 22 -69 -33
73 81 4 85
76 36 -41 -57
41 4 90 21
70 23 98 14
9 49 -47 -60
7 93 -4 38
56 23 -28 47
34 99 62 50
91 47 63 92
44 0 -98 1
45 85 -23 97
60 45 -20 -93
61 13 35 -26
45 32 20 -33
33 83 -53 35
100 78 8 -54
19 12 36 -30
10 9 -22 -85
30 4 -97 1
33 72 76 32
36 25 -43 53
56 15 -97 57
98 87 92 -85
88 94 8 48
90 85 -44 25
59 95 63 -18
47 8 24 -75
71 71 -52 -84
29 33 56 55
53 4 -21 -42
24 50 -53 -94
4 5 36 -75
66 20 84 -99
82 24 21 43
46 13 -35 -59
67 79 -31 -16
64 15 -73 97
77 84 29 92
37 95 -36 25
40 36 -11 -43
50 68 -14 -84
3 70 -99 -77
96 0 85 71
85 42 -3 -20
80 100 -20 -95
21 87 -46 -52
71 42 91 86
81 24 -31 60
9 22 -61 4
19 41 40 46
2 64 -2 -14
95 40 -8 -41
77 36 11 -53
78 34 53 -53
25 74 -3 51
21 25 -50 80
10 50 96 -67
100 72 -61 6
70 60 -16 -97
69 67 -14 2
74 25 -41 -56
5 21 -75 -33
8 97 72 51
4 52 53 69
14 67 -57 69
24 12 75 -13
58 58 -1 72
17 77 13 -60
87 11 71 -13
90 75 -6 -41
34 23 -46 70
6 87 36 26
13 89 68 -61
96 26 5 -23
50 80 31 -68
3 89 37 -78
59 31 52 -76
18 44 96 -30
16 0 -24 -88
